.Random.seed <-
c(403L, 11L, 1018300782L, 1437886233L, 135404459L, -514676326L, 
-224907940L, 1375994975L, -690078667L, 108701644L, 239203106L, 
1389768061L, -816464265L, 2002610078L, 631342680L, -1916162117L, 
667222361L, -1834272024L, -942390506L, 63030417L, -1884415677L, 
-1425460142L, 2016151268L, 598720807L, 1097642365L, 470497396L, 
-1551238566L, 2008290981L, 1629897919L, 1231984454L, -1634904624L, 
1855391731L, 163364625L, -1810677952L, 1350436638L, -1224394775L, 
-636642021L, -183486678L, -1628026804L, -279953393L, -1855780027L, 
1229266172L, -817812654L, -211981107L, -1440068473L, 2126223214L, 
-768120504L, -1861366453L, -1898508119L, 1430409720L, -981884634L, 
-1086275007L, -59970605L, 1077188994L, -652792396L, -2000586441L, 
485649453L, 1902958916L, 1812729450L, -370906923L, -772372881L, 
-871083146L, -119176032L, -656663197L, 279293441L, -1683788432L, 
792980750L, -193220743L, 399232779L, 306974778L, 446013244L, 
-149971841L, -1399279659L, -443743764L, 560214850L, -1259299683L, 
444540183L, 2076630142L, -1048529864L, -59649253L, -1562453895L, 
-854163256L, -1038874378L, -156444367L, 495284579L, -1461951694L, 
-134288252L, -1572857657L, 1347994525L, 1546807060L, 2119179706L, 
779500549L, 560402911L, 1645778022L, -1590086672L, 18812179L, 
674050737L, -163750560L, -131247362L, 52383369L, -1660454469L, 
-495230070L, 443763308L, -2060090385L, -312529883L, 1218196700L, 
-89650510L, 281734573L, -203198105L, -892531058L, 315332456L, 
-140652693L, 908105993L, 1693519768L, -1152174394L, 1431536673L, 
-925085517L, -1117648350L, -353104876L, 45277335L, 575820429L, 
-1940831324L, 1654078858L, 1103309301L, -85588913L, 897049430L, 
1329879552L, 297792323L, 656003809L, 700006480L, 1976377518L, 
98653273L, 208790635L, -1392662054L, -550210916L, 530746527L, 
-660603147L, -1133231220L, -613723550L, 1503323709L, -1528674121L, 
-998492322L, 1491729048L, 2067884539L, -677604455L, -869864408L, 
-224453418L, -1421915823L, -912562173L, -327159918L, -479019740L, 
691868647L, -1096456131L, 2101941940L, -892584678L, 555601509L, 
1665286911L, -1791289466L, 1439361296L, 1214110131L, -1714126255L, 
1682903552L, -1949004066L, 198165801L, -529119013L, -327643158L, 
-1291276404L, -89464625L, -645898107L, 918528828L, 1823152658L, 
-487280371L, -118375865L, -1878843346L, -1256860280L, 8596619L, 
401966697L, 60316216L, -1754494234L, 653764225L, 56683027L, 442846658L, 
-659126668L, -251455369L, -1553606291L, -425615868L, -535605974L, 
1447373461L, -1475960529L, 516764726L, 684773472L, 2034857635L, 
1255322049L, -1953411664L, -923237170L, 316928569L, 1528890443L, 
-647412230L, -1797406468L, -1445374657L, -2067060203L, -805805780L, 
284545538L, 909484253L, 1009365975L, -2065543490L, 1540831480L, 
1096484571L, 465681721L, 1802520712L, 452497462L, 94299249L, 
-1187246429L, -1223990286L, -2014521532L, 755390471L, 1801942493L, 
691614420L, 1459437050L, 1755164997L, 2130335135L, 1185883942L, 
-1367693392L, 1874330707L, -1271365775L, 497170080L, 1015880254L, 
948236617L, 420384763L, 1536368908L, -532641860L, 781136178L, 
1774713024L, -201395660L, -215115064L, -957742406L, -1059042160L, 
471697132L, -804432300L, -1699092846L, -906098912L, 1798166476L, 
215271648L, 456576706L, 197170216L, -237864020L, -698373444L, 
-1833221646L, 172721712L, 1611224996L, -152755784L, 1040366426L, 
-1362455408L, -1052779652L, -1039016172L, 1856314690L, -505688320L, 
-51258436L, -923123888L, 2097520930L, 836979272L, 1801967628L, 
756026460L, -802549294L, 1552053760L, -1566248620L, 1290043624L, 
-1682820870L, -719771952L, -705427156L, 1377753332L, -2112655982L, 
-1708021408L, -1549146100L, 29657824L, -275807646L, -1973011800L, 
-774358452L, 872392572L, -1281774286L, -1680341392L, -1889813692L, 
1143392216L, 514146170L, -1964749264L, 641923004L, 1294939732L, 
-961959870L, 799121568L, -1877332292L, 2075003344L, 1650328418L, 
1242628840L, 889258188L, 907944444L, 382454258L, -551708032L, 
390460916L, 2115929736L, -1329496262L, 686998352L, 1203573868L, 
670538132L, 1255679058L, -1327502880L, -527614772L, 365325472L, 
-285919870L, 2082496744L, -1223205140L, 444673340L, 632044658L, 
785989744L, -1778034652L, 1209232440L, 499840794L, -1166066480L, 
1566127932L, -2021959788L, 1027935106L, -434966080L, -726880708L, 
-947321456L, 1912596002L, 403135752L, -1889204596L, -1615816932L, 
-306847598L, 1384606080L, 456703508L, 1166667560L, -867773894L, 
-1069312560L, -1134786196L, -1986034764L, -576550894L, 238095840L, 
252641228L, 1755078880L, 1561950242L, -754269912L, -813408756L, 
-440393924L, -689882126L, 1686670064L, -882203068L, -21093800L, 
1916337978L, 682595824L, 1787268796L, -647702252L, -985785662L, 
-732574624L, 191771516L, -1367701552L, 1829978402L, -1760703832L, 
1864053644L, -1285429060L, 1220192050L, 1501325888L, -955964236L, 
-1314899384L, -1010680390L, 355703312L, -1168610580L, -1461507756L, 
-2097921774L, 2059181472L, 1180424908L, -489292192L, -2049769534L, 
92684072L, -1252601940L, 1038250812L, -1725511310L, 520706864L, 
-1831615196L, -1722762440L, -561391910L, -332644464L, -1604473092L, 
-1226218604L, 1238333506L, 1977812224L, 1398858812L, -682188464L, 
-1816500062L, -1695229624L, -1471371508L, -166964516L, -828355246L, 
272850048L, -1159454636L, 641169384L, -1427029766L, -16028848L, 
493510444L, 1450875252L, -1679914094L, 220997728L, -441817716L, 
-855655584L, 750782946L, -1423316056L, -1595269940L, -1653639172L, 
1733625266L, -1466896912L, -54092860L, 1425153368L, -616451718L, 
154053552L, -1314618948L, -1654265772L, -1572089918L, -1705682912L, 
231758012L, -1854078384L, 219769826L, 552437864L, -1899881396L, 
-2067269380L, 2105531378L, 1802467584L, -684433036L, 268674056L, 
-1284816966L, 1460310480L, 1514109932L, -136037996L, 1789968850L, 
1212510560L, 1292709708L, -1344362208L, 511375234L, -1762021656L, 
960569580L, -1508776900L, -1978770574L, 1299744368L, -2053485532L, 
-1372544200L, 1392172186L, -32396592L, 1280467132L, -756728172L, 
1843326594L, -1298081600L, -1822196932L, -322696048L, -1596645854L, 
-168714232L, 1910785292L, -1746631524L, 1912561170L, -1582465722L, 
-908850044L, -709176779L, 1978751519L, 705887608L, -1487471530L, 
239567075L, -1216313691L, -907105470L, -1713372880L, 340941145L, 
-1101686069L, -1686633668L, 249293674L, -867628641L, 1442725929L, 
365828798L, -1669375060L, 840771837L, 565118023L, -1173200080L, 
-834575282L, -570062725L, -1848276003L, 670601738L, -1594632408L, 
-2046162543L, -884715645L, 507176068L, -1859501390L, -466201081L, 
1274648145L, -223875626L, 2034843828L, 1752235205L, 1728232975L, 
66827912L, 1833894L, 1604072275L, -678945611L, 1683708434L, 1794881504L, 
2120886857L, -421322629L, 1409839436L, 536241370L, 1167885519L, 
-2122231655L, 2050297006L, 472168892L, 2069250605L, -409143849L, 
1634638880L, 820265342L, -1594896565L, -2069047987L, -2066965638L, 
1835679160L, 997236577L, 135239443L, 505098036L, 431357250L, 
-1959333545L, 695532705L, -1462311578L, 633194340L, -1135729003L, 
-1965613121L, -1889361064L, 916218230L, 928015235L, 1405354437L, 
-337262878L, 1331283792L, -1629142407L, -1776032341L, 1766140700L, 
202865738L, 751691839L, 1419278473L, 588684446L, 76548428L, -341356259L, 
1356053671L, 897027024L, 1713730414L, -460967397L, -1127083139L, 
-1751748246L, -1303007224L, -73148239L, -151554269L, 2066584612L, 
-176240942L, -1067130073L, 743990641L, 687532982L, -212807852L, 
416745957L, 64533487L, -1602714840L, 1958232966L, 1114931123L, 
-367069419L, 684007794L, -1649695296L, 1048614441L, 600124059L, 
-805727380L, 1141500794L, -748661585L, -1271521351L, 923826638L, 
-789635812L, 873060493L, 1309283575L, 1489498112L, -1533726114L, 
-547197653L, 485969453L, -106924390L, -1896922536L, 1355587009L, 
-985357709L, -369516652L, -2123010526L, -1668656841L, -1784725503L, 
-48292602L, -1474606780L, -858301323L, 602975711L, 1315993912L, 
-157813994L, 1015974691L, 170033381L, 961993986L, -998117520L, 
